2355502
2816657
2403546
1334501
3977394
2518346
1642518
1072484
2936540
2286959
1701719
4877311
2244457
1072517
7550763
6429554
5538815
5377505
6425655
5459888
1439116
1071940
2508723
1213000
1329296
1326540
1925491
6590066
3235695
2526993
1311712
1062477
2816515
2045776
2215763
6565222
1396064
1144203
1064688
1547470
2889086
2252675
1827471
1072485
1615682
1244515
7670981
5667950
5408886
3708794
2941900
2662515
2337560
1072905
1000709
5327273
5306029
5064800
3660600
3029011
1204047
1108602
1069016
8066982
2895907
1787059
1198441
6542268
6490663
6424615
6409635
6380281
6149352
5667975
5361192
4611505
4604811
3492340
2919874
1388493
1072903
1026358
7345382
6547696
6442138
6169849
6076914
5640942
4494874
3609557
3035363
1112115
1104374
8350851
7999413
7848278
7789031
7595604
6077034
5668004
4562848
4531307
4489778
4151908
3319987
2734725
1897405
1644809
1337263
1303707
1073389
8472718
7846331
7827841
7776557
7593510
7520325
6526088
6472736
5547095
5459886
5382950
5142085
3895900
2321309
2275201
2162363
1310950
1245492
1243059
1107532
8623105
8614743
8593248
8571157
8535578
8534850
8531628
8522658
8513261
8505348
8488205
8482102
8404486
8382440
8356018
8273128
8258543
8244073
8229030
8219700
8166258
8079563
8068487
8033295
8009801
7943929
7868902
7867956
7840030
7834064
7808552
7798977
7778715
7771257
7685196
7492413
7433210
7167038
6887378
6767306
6729237
6663830
6627533
6547360
6526128
6495559
6372538
6268813
6208152
6175933
6143875
5875144
5798895
5759742
5633663
5608389
5584112
5538813
5516625
5479940
5471119
5459887
5426295
5409026
5379290
5333082
5261457
5235303
5233924
5233855
5233709
5203761
5198957
5117709
5084510
4921679
4903315
4877341
4859594
4621170
4620197
4593857
4540397
4495250
3815575
3655705
3650053
3557625
3491159
3454088
3451379
3347909
3319709
3297390
3294106
3275679
3185372
3171884
3155215
3119820
3119437
3115093
3050408
3040066
3026950
3022159
2804487
2755263
2755110
2726131
2612378
2535195
2508997
2478940
2263631
2256817
2131762
2130521
2124634
2086466
2017201
2013689
1992363
1970952
1922205
1899940
1895164
1746619
1643687
1622544
1620075
1613339
1604356
1533505
1527801
1516538
1402255
1395858
1378661
1374584
1331294
1328035
1321434
1262578
7641558
6710711
6706650
5798256
3637361
3517160
1736580
1038071
5968966
5044497
1911868
1049197
6545763
7597314
1056642
1043667
1032691
1027628
1003955
3348215
1428294
1003909
2197545
1152044
3285096
