6456134
1518824
3278174
2404598
1207547
7589478
1381406
1138567
1136517
8331749
7550787
7224840
6482855
6235302
5805711
5524403
4935165
4823948
4521763
3508074
1362078
3657298
1232246
1413183
1367793
8536841
1079030
1498533
1113758
7757476
2956376
1415632
1390975
6154902
1007321
6184565
5758314
3659927
3310474
7389229
3396638
3233711
3139475
3042591
2995656
2948893
1356086
1266938
1138652
1136519
7847103
7666918
7445715
6517622
6168379
5456854
5233729
1321565
8562563
8482415
8414228
8394130
8320972
8282488
8271131
8185693
8084898
8066797
8059873
7934417
7736186
7715016
7666119
7517678
7225532
7121897
6697981
6627242
6517582
6517578
6003806
5757467
5711327
5709512
5489212
5446895
5434776
5235220
5234175
5233778
5206953
5193201
5187021
5132130
5104626
5065699
5058668
5024685
4993725
4988677
4953560
4925713
4924996
4917066
4882285
4714653
4657372
4617292
4611048
4589989
4561732
4542772
4540843
4478604
4460280
4105670
3829941
3802113
3780553
3683900
3591304
3570991
3566409
3562140
3548350
3548231
3546387
3540117
3536441
3523413
3519092
3472161
3453340
3443056
3433208
3425580
3382362
3373644
3352042
3336524
3326677
3322846
3295612
3290996
3288071
3282881
3239678
3238898
3228979
3221457
3201724
3164863
3145151
3143528
3142161
3123071
3120240
3113131
3112517
3045342
3043380
3021823
3012166
3004782
2991527
2990800
2979253
2975240
2973552
2971554
2971356
2969641
2964720
2962978
2960240
2959193
2950071
2949167
2911795
2827290
6627396
4457949
3549073
2964710
1235754
1049394
7181279
5191177
5028917
4337365
2986106
1463006
1091801
5552221
4942537
2184907
1401966
1046226
3285450
1036163
2812366
2799381
2781737
2479430
2409929
2358981
2292031
2170963
2028668
2020388
1808552
1737889
1714684
1712270
1650086
1628287
1414354
1394384
1163008
7179171
3114743
1086649
