1439116
1071940
1362078
2508723
1213000
1329296
1925491
1326540
3657298
3235695
1232246
2526993
1413183
1311712
1062477
2816515
2045776
2215763
1396064
1144203
1498533
1375046
1113758
1072517
7550763
6429554
5538815
5377505
7757476
6425655
5459888
2956376
2889086
2252675
1827471
1415632
1390975
1093782
1072485
6590066
6076914
5640942
4494874
3609557
3035363
1381406
1138567
1136517
1112115
1104374
8350851
8331749
7999413
7848278
7789031
7595604
7550787
7224840
6482855
6235302
3659927
3310474
3029011
1204047
1108602
1069016
8066982
7389229
6456134
2895907
1787059
1518824
1375043
1198441
6542268
6490663
6424615
6409635
6380281
6149352
6565222
6154902
1615682
1244515
7670981
5667950
5408886
3708794
2941900
2662515
2337560
1072905
1007321
1000709
6184565
5758314
5327273
5306029
5064800
3660600
1064688
1547470
1416754
2355502
1375049
2816657
2403546
1334501
3977394
2518346
1642518
1367793
1072484
8536841
2936540
2286959
1701719
1079030
4877311
2244457
6077034
5805711
5668004
5524403
4935165
4823948
4562848
4531307
4521763
4489778
4151908
3508074
3396638
3319987
3233711
3139475
3042591
2995656
2948893
2734725
5667975
5602459
5361192
4611505
4604811
3492340
3278174
2919874
2404598
2217422
1388493
1287907
1207547
1072903
1026358
7589478
7345382
6547696
6442138
6169849
2215642
1897405
1644809
1356086
1337263
1303707
1266938
1138652
1136519
1073389
8472718
7847103
7846331
7827841
7776557
7666918
7593510
7520325
7445715
6526088
7798977
7782336
7778715
7771257
7736186
7715016
7685196
7666119
7492413
7433210
7225532
7167038
7121897
6887378
6767306
6729237
6697981
6663830
6627533
6627242
8562563
8535578
8534850
8531628
8522658
8513261
8505348
8488205
8482415
8482102
8414228
8404486
8394130
8382440
8356018
8320972
8282488
8273128
8271131
8258543
5584112
5538813
5516625
5489212
5479940
5471119
5459887
5446895
5434776
5426295
5409026
5379290
5333082
5261457
5235303
5235220
5234175
5233924
5233855
5233778
6517622
6472736
6168379
5710785
5547095
5535848
5459886
5456854
5382950
5233729
5142085
3895900
2321309
2275201
2162363
1321565
1310950
1245492
1243059
1107532
6547360
6526128
6517582
6517578
6516575
6495559
6372538
6268813
6208152
6175933
6143875
6003806
5875144
5798895
5759742
5757467
5711327
5709512
5633663
5608389
8244073
8229030
8219700
8185693
8166258
8084898
5233709
8079563
5206953
5203761
5198957
5193201
5187021
5144975
5132130
5117709
5104626
8068487
8066797
5084510
8059873
5065699
8033295
5058668
8009801
5024685
7943929
4993725
4988677
7934417
4953560
7872262
4925713
7868902
4924996
7867956
7840030
7834064
7808552
4921679
4917066
4903315
4882285
4877341
4859594
4714653
4657372
4621170
4620197
4617292
4611048
4593857
4589989
4561732
4542772
4540843
4540397
4495250
4478604
2478940
2409929
2358981
2292031
2263631
2256817
2220491
2213374
2212345
2170963
2131762
2130521
2124634
2086466
2028668
2020388
2017201
2013689
1992363
1970952
3115093
3113131
3112517
3077428
3050408
3045342
3043380
3040066
3026950
3022159
3021823
3012166
3004782
2991527
2990800
2979253
2975240
2973552
2971554
2971356
2969641
2964720
2962978
2960240
2959193
2950071
2949167
2911795
2827290
2812366
2804487
2799381
2781737
2755263
2755110
2726131
2612378
2535195
2508997
2479430
1922205
1899940
1895164
1808552
1746619
1737889
1714684
1712270
1650086
1643687
1628287
1622544
1620075
1613339
1604356
1533505
1532693
1527801
1516538
1414354
1402255
1395858
1394384
1378661
1374584
1331294
1328035
1321434
1262578
1163008
7641558
7179171
6710711
6706650
6627396
5798256
4457949
3637361
3549073
3517160
7597314
5552221
4942537
2184907
1401966
1056642
1046226
1043667
1032691
1027628
1003955
6235125
3348215
3285450
1036163
1566126
1428294
1335112
1003909
3114743
1086649
2197545
1152044
3285096
2964710
1736580
1235754
1049394
1038071
7181279
5968966
5235264
5191177
5044497
5028917
4980049
4337365
2986106
1911868
1486063
1463006
1049197
6545763
1091801
4460280
4105670
3829941
3815575
3802113
3780553
3683900
3655705
3650053
3591304
3570991
3566409
3562140
3557625
3548350
3548231
3546387
3540117
3536441
3523413
3519092
3491159
3472161
3454088
3453340
3451379
3443056
3433208
3425580
3382362
3373644
3352042
3347909
3336524
3326677
3322846
3319709
3297390
3295612
3294106
3290996
3288071
3282881
3275679
3239678
3238898
3228979
3221457
3201724
3185372
3171884
3164863
3155215
3145151
3143528
3142161
3123071
3120240
3119820
3119437
